int NumberPatients = 174
int NumberOfRooms = 4
int NumberSurgeons = 7
int NumberOfDays = 6
Duration = [210,31,238,47,47,103,30,210,260,61,59,47,104,238,32,98,78,47,103,47,87,98,103,30,31,146,47,47,103,117,32,98,32,132,72,119,58,227,166,115,119,157,103,46,53,112,86,131,32,201,140,32,277,85,165,53,119,79,47,30,101,98,103,66,132,46,47,30,64,32,317,68,41,60,238,66,130,32,92,277,85,249,58,47,101,47,66,119,50,105,103,105,32,123,98,159,227,74,50,119,119,256,98,32,98,103,78,165,317,98,31,98,46,47,78,78,263,47,98,46,58,98,256,47,32,103,78,39,227,41,210,114,119,47,100,32,98,119,72,131,85,66,93,32,58,103,32,66,97,47,60,32,47,74,29,50,159,60,32,130,53,238,66,64,98,256,32,98,101,46,64,32,32,103];
Priority = [0,0,0,0,0,0,0,0,0,0,0,0,0,0,0,0,0,0,0,0,0,0,0,0,0,0,0,0,0,0,0,0,0,0,0,0,0,0,0,0,0,0,0,0,0,0,0,0,0,0,0,0,0,0,0,1,0,0,0,1,0,0,0,0,0,0,0,0,0,0,0,0,0,0,0,1,0,0,0,0,0,0,0,0,0,0,0,0,0,0,0,0,0,0,0,0,0,0,0,0,0,0,0,0,0,0,0,0,0,0,1,0,0,0,0,0,0,0,0,0,0,0,0,0,0,0,0,0,0,0,0,0,0,0,0,0,0,0,0,0,0,0,0,0,0,0,0,0,0,0,0,0,0,0,0,0,1,0,0,0,0,0,0,0,0,0,0,0,0,0,0,0,0,0];
Waiting = [324,155,248,200,57,24,462,178,81,148,190,35,53,45,57,50,170,60,32,178,106,51,150,141,107,185,37,50,120,480,186,53,141,73,38,64,200,67,24,284,123,59,25,141,36,84,284,81,106,410,80,456,32,37,315,114,141,59,1047,107,56,127,24,99,319,63,53,52,281,478,196,172,102,32,163,116,169,23,170,113,78,49,169,84,106,480,148,120,190,80,99,119,283,127,324,45,102,51,190,134,65,106,113,21,84,57,84,127,253,141,190,52,52,36,144,46,494,70,394,31,123,58,36,107,548,172,200,84,53,366,99,116,70,156,25,25,45,59,63,46,190,43,35,37,78,176,120,38,120,53,70,199,39,396,24,281,85,141,23,289,227,23,121,78,70,65,137,35,59,120,148,57,57,155];
Surgeon = [5,1,7,4,3,1,1,2,1,13,7,4,6,2,4,6,2,2,3,1,12,3,6,10,10,9,3,4,10,2,8,1,2,4,1,1,2,5,2,5,1,7,1,9,5,2,3,5,1,10,10,1,6,3,6,2,2,5,10,6,1,10,5,2,3,3,2,1,1,2,7,2,5,3,13,9,3,14,5,5,1,6,4,1,5,3,6,2,5,9,6,9,1,6,8,6,3,6,3,5,6,6,2,6,5,9,2,2,1,5,6,14,5,3,5,1,4,6,8,8,3,1,5,4,9,14,3,5,3,13,6,4,1,7,2,6,1,1,3,7,4,4,7,3,5,6,1,6,7,6,4,5,1,6,4,10,3,7,1,1,6,7,5,1,3,4,3,6,4,8,9,5,8,10];
BlockAvailability = [[[0,0],[1,0],[0,0],[0,0]],[[0,0],[0,1],[0,0],[1,0]],[[1,0],[0,1],[0,0],[0,0]],[[1,0],[1,0],[0,0],[0,0]],[[0,0],[0,1],[0,0],[0,0]],[[1,1],[0,1],[0,0],[0,1]]];
SurgeonAvailability = [[[1,0],[1,1],[0,1],[0,0],[1,1],[0,1]],[[1,0],[1,1],[1,1],[1,0],[1,1],[1,1]],[[0,0],[1,1],[0,1],[1,1],[1,0],[1,1]],[[1,1],[1,0],[1,1],[1,1],[1,1],[0,1]],[[1,0],[1,0],[1,1],[1,1],[1,1],[1,1]],[[0,1],[1,1],[0,1],[1,1],[1,1],[1,1]],[[1,1],[1,1],[1,1],[1,1],[1,1],[1,1]]];
