int NumberPatients = 236
int NumberOfRooms = 13
int NumberSurgeons = 13
int NumberOfDays = 6
Duration = [60,103,31,31,42,76,256,119,58,103,119,119,201,60,72,103,103,157,103,31,32,130,97,238,60,31,105,47,238,98,217,103,131,66,47,39,47,95,98,119,53,119,47,47,98,32,119,58,117,85,38,98,103,50,131,60,166,59,98,32,50,117,60,60,98,41,119,119,205,98,41,50,31,85,98,98,47,98,53,98,46,103,98,227,93,132,119,32,103,119,85,47,103,66,53,119,46,105,119,32,119,66,103,157,267,103,238,32,60,66,53,103,31,198,81,114,47,39,119,159,39,46,85,32,107,31,119,157,201,47,119,60,78,98,32,103,97,75,47,32,98,131,234,66,119,119,105,103,58,47,60,227,46,32,216,98,79,58,47,117,66,41,47,119,277,50,78,210,119,93,66,103,32,50,32,98,72,47,119,103,31,47,103,50,42,97,272,74,47,85,66,47,238,66,98,98,53,198,114,66,131,117,66,98,119,145,260,72,74,238,66,59,117,104,32,118,103,208,107,66,98,50,105,256,32,131,75,98,227,85,210,53,46,40,31,98];
Priority = [0,0,0,0,0,0,0,0,0,0,0,0,0,0,0,0,0,0,0,0,0,0,0,0,0,0,0,0,0,0,0,0,0,0,0,0,0,0,0,0,0,0,0,0,0,0,0,0,0,0,0,0,0,0,0,0,0,0,0,0,0,0,0,0,0,0,0,0,0,0,0,0,0,0,0,0,0,0,0,0,0,0,0,0,0,0,0,0,0,0,1,0,0,0,0,0,0,1,0,0,0,0,0,0,0,0,1,0,1,0,0,0,0,0,0,0,0,1,0,0,0,0,0,0,0,0,0,0,0,0,0,0,0,0,0,0,0,1,0,0,0,0,0,0,1,0,0,0,0,0,0,0,0,0,0,0,0,0,0,0,0,1,0,0,0,0,0,0,0,0,0,0,0,0,0,0,0,0,0,0,0,0,1,0,0,0,0,0,0,0,0,0,0,0,0,0,0,0,0,0,0,0,0,0,0,1,0,1,0,0,0,0,0,0,0,0,0,0,0,0,0,0,0,1,0,0,0,0,0,0,0,0,0,0,0,0];
Waiting = [207,32,31,1065,319,113,134,199,37,30,317,366,155,35,24,232,36,67,141,79,39,456,396,39,389,261,120,354,59,49,200,45,207,43,78,37,277,193,261,122,190,227,60,169,191,204,99,50,221,480,71,85,267,74,25,49,178,164,52,56,556,518,205,183,84,78,45,25,65,113,148,389,120,430,53,269,178,431,193,261,43,113,249,199,144,507,107,25,141,63,57,178,164,25,120,191,113,284,121,171,39,84,351,107,134,156,79,120,78,78,59,66,45,35,56,38,366,141,177,70,74,24,150,178,193,207,87,456,445,25,190,119,95,107,116,70,57,43,115,58,137,72,59,487,37,67,113,84,37,438,242,172,158,123,21,25,35,60,178,102,158,191,78,178,102,158,52,24,30,186,141,79,211,148,39,494,185,31,148,56,148,261,66,22,487,37,211,270,141,25,487,170,43,462,39,59,155,24,394,158,52,422,70,283,37,67,56,106,32,66,253,163,158,79,274,169,25,57,37,67,45,148,172,70,24,77,102,98,63,480,56,56,43,107,200,247];
Surgeon = [1,7,5,3,6,5,6,6,10,4,10,3,6,2,5,1,6,1,6,4,6,2,3,7,6,5,10,4,1,3,6,7,3,6,10,1,12,6,3,7,1,2,6,6,6,6,4,5,7,3,1,6,1,1,3,2,1,4,4,6,2,6,6,1,1,3,5,1,9,2,4,4,3,3,2,5,5,5,6,4,6,1,1,5,1,3,6,3,3,7,1,6,1,7,6,1,10,4,2,3,11,13,5,4,4,6,7,6,6,5,4,2,7,3,5,3,7,6,6,2,2,1,5,1,6,6,9,4,6,4,1,12,3,1,2,1,17,4,1,6,13,1,7,1,5,3,9,4,12,3,6,1,2,4,10,9,2,6,3,3,6,9,7,1,1,17,13,2,4,5,8,1,6,5,5,5,6,3,1,7,1,1,1,3,3,11,9,1,3,5,6,1,1,2,1,11,3,10,8,2,1,1,2,6,6,11,5,6,6,6,1,1,3,3,3,10,1,6,1,1,1,5,8,3,6,6,4,4,1,4,3,5,4,1,6,5];
BlockAvailability = [[[0,0],[0,1],[0,0],[0,1],[0,0],[1,0],[0,1],[0,0],[0,1],[0,1],[1,0],[1,0],[0,0]],[[0,1],[0,0],[0,0],[1,0],[1,0],[0,0],[0,0],[0,0],[0,0],[0,0],[0,0],[0,0],[0,0]],[[0,0],[1,0],[0,0],[1,0],[0,0],[0,0],[0,1],[1,0],[1,0],[0,0],[0,1],[0,0],[1,0]],[[0,0],[0,0],[0,0],[0,1],[0,0],[1,0],[0,0],[1,0],[0,0],[0,0],[0,0],[0,0],[1,0]],[[0,0],[1,0],[0,1],[0,0],[0,0],[1,0],[0,1],[1,0],[0,0],[0,0],[0,0],[0,0],[0,1]],[[1,0],[0,0],[0,1],[1,0],[0,0],[0,0],[0,0],[0,0],[0,0],[0,0],[0,0],[0,0],[0,0]]];
SurgeonAvailability = [[[1,1],[1,1],[1,1],[1,1],[1,0],[1,0]],[[0,1],[0,1],[1,0],[0,1],[1,1],[1,1]],[[1,1],[1,1],[1,1],[1,1],[1,1],[1,1]],[[1,1],[1,0],[0,1],[0,1],[1,0],[1,1]],[[1,0],[0,0],[0,1],[1,0],[1,1],[1,1]],[[1,1],[0,1],[1,1],[1,1],[1,1],[1,0]],[[1,0],[0,0],[0,1],[0,1],[1,1],[0,0]],[[1,1],[1,0],[1,1],[1,0],[0,1],[1,1]],[[0,1],[1,0],[1,1],[1,0],[1,0],[1,0]],[[1,1],[1,1],[0,0],[1,1],[0,0],[0,1]],[[1,1],[1,1],[1,0],[0,1],[0,1],[0,1]],[[1,1],[1,1],[1,1],[1,1],[1,1],[1,0]],[[1,1],[0,1],[1,1],[1,0],[0,1],[0,1]]];
