int NumberPatients = 133
int NumberOfRooms = 4
int NumberSurgeons = 9
int NumberOfDays = 6
Duration = [46,85,131,104,59,98,85,119,107,198,103,66,98,119,98,66,32,119,30,44,74,119,210,85,132,53,119,103,60,50,157,60,32,31,131,166,66,98,66,66,78,125,119,103,66,30,60,98,264,68,53,85,98,103,210,31,47,66,244,93,47,201,98,78,98,101,138,130,32,30,46,32,112,72,114,66,75,234,66,58,32,260,117,130,32,32,119,98,208,64,131,32,119,119,115,98,66,32,53,157,53,98,131,78,32,47,131,119,66,47,101,79,210,66,119,157,210,32,32,103,131,76,47,205,47,117,103,58,32,53,130,210,66];
Priority = [0,0,0,0,1,0,0,0,0,0,0,0,0,0,0,0,0,0,0,0,0,0,0,0,0,0,0,0,0,0,0,0,0,0,0,0,0,0,0,0,0,0,0,0,0,0,0,0,0,0,0,0,0,0,0,0,0,0,0,0,0,0,0,0,0,0,0,0,0,0,0,0,0,0,0,0,0,0,0,0,0,0,0,0,0,0,0,0,0,0,0,0,0,0,0,0,0,0,0,0,0,0,0,0,0,0,0,0,0,0,0,0,0,0,0,0,0,0,0,0,0,0,0,0,0,0,0,1,0,0,0,0,0];
Waiting = [375,84,80,32,324,487,53,456,72,190,67,141,57,247,275,77,417,37,116,176,106,43,32,200,57,183,35,127,269,25,183,190,22,113,184,141,155,84,297,31,141,79,144,134,81,73,32,283,144,81,23,176,191,158,58,60,220,1096,275,63,473,78,57,94,60,24,45,74,24,127,35,172,164,73,200,120,21,70,120,148,354,116,81,164,21,480,214,232,108,149,59,338,35,324,99,148,281,30,275,116,52,133,71,63,178,35,200,193,85,25,127,207,46,277,74,507,70,120,84,127,56,84,46,297,247,58,158,25,211,121,21,32,121];
Surgeon = [2,2,4,1,5,2,5,5,1,2,6,1,5,3,3,3,1,1,5,10,2,2,5,1,5,15,2,1,4,2,10,1,9,2,10,3,5,3,3,4,7,3,2,3,5,6,1,6,9,3,5,1,1,2,8,6,1,4,1,10,1,4,3,2,12,5,5,5,2,5,1,3,6,6,6,6,7,3,5,1,5,10,4,1,1,4,1,12,3,1,3,5,6,12,5,1,4,1,6,6,2,2,4,5,16,1,8,3,8,6,2,1,2,7,1,4,1,13,13,9,7,15,5,5,2,6,1,1,7,10,9,2,5];
BlockAvailability = [[[1,0],[0,0],[1,0],[0,0]],[[1,0],[0,0],[0,1],[0,1]],[[0,0],[0,0],[0,0],[0,1]],[[0,0],[1,0],[0,1],[0,0]],[[1,0],[0,0],[0,0],[1,0]],[[1,0],[0,0],[0,0],[0,1]]];
SurgeonAvailability = [[[1,1],[0,1],[1,1],[0,1],[1,1],[1,0]],[[1,1],[1,0],[0,1],[1,1],[1,0],[0,1]],[[1,1],[1,1],[1,1],[0,1],[0,0],[1,1]],[[0,1],[1,0],[1,0],[1,1],[1,1],[0,1]],[[1,1],[1,1],[0,0],[1,0],[1,1],[0,1]],[[1,1],[0,0],[1,1],[1,1],[1,0],[0,1]],[[1,1],[1,1],[1,1],[0,1],[1,1],[1,1]],[[1,1],[1,1],[1,0],[1,1],[1,0],[1,1]],[[1,1],[1,1],[1,1],[1,1],[1,1],[1,0]]];
