int NumberPatients = 242
int NumberOfRooms = 8
int NumberSurgeons = 21
int NumberOfDays = 6
Duration = [72,131,114,88,105,119,47,217,100,85,68,78,46,132,97,60,60,131,66,238,112,46,85,119,32,119,198,66,217,41,30,47,64,76,66,31,66,98,103,98,32,58,42,47,96,93,41,105,117,31,32,32,29,98,32,105,76,47,46,47,210,165,60,119,72,101,131,78,32,32,98,78,46,47,227,119,72,119,60,66,72,29,72,59,238,32,98,119,85,47,47,60,47,32,103,47,60,105,119,47,105,75,30,47,131,41,105,78,44,76,30,60,72,119,72,101,122,31,32,47,201,101,201,31,47,50,103,103,119,68,103,93,79,60,66,47,50,103,105,66,60,119,66,131,263,60,117,130,32,47,92,205,68,93,119,227,131,264,76,98,119,47,117,47,32,97,98,112,72,30,47,117,131,100,105,66,103,75,67,35,60,103,32,140,105,105,103,131,103,78,47,32,47,103,98,66,40,98,78,98,166,105,32,131,47,47,103,119,30,50,32,60,93,94,32,252,131,105,78,98,130,50,85,50,47,59,47,74,119,53,201,98,32,50,98,105,50,119,97,50,47,60];
Priority = [0,0,0,0,0,0,0,0,0,0,0,0,0,0,0,0,0,0,0,0,0,0,0,0,0,0,0,0,0,0,0,0,0,0,0,0,0,0,0,0,0,0,0,0,0,0,0,0,0,0,0,0,0,0,0,0,0,0,0,0,0,0,0,0,0,0,0,0,0,0,0,0,0,0,0,0,0,0,0,0,0,0,0,0,0,0,0,0,0,0,0,0,0,0,0,0,0,0,0,0,0,0,1,0,0,0,0,0,0,0,0,0,0,0,0,0,0,0,0,0,0,0,0,0,0,0,0,0,0,0,1,0,0,0,0,0,0,0,0,0,0,0,0,0,0,0,0,0,0,0,0,0,0,0,1,1,0,0,0,0,0,0,0,0,0,0,0,0,0,0,0,0,0,0,0,0,0,0,0,0,0,0,0,0,0,0,0,0,0,0,0,0,0,0,1,0,0,0,0,0,0,0,0,0,0,0,0,0,0,0,0,0,0,0,0,0,0,0,0,0,0,0,0,0,0,0,0,0,0,0,0,0,0,0,0,1,0,0,0,0,0,0];
Waiting = [116,80,79,141,438,25,141,67,221,66,141,107,94,50,172,148,43,67,480,106,36,162,113,25,32,108,24,277,163,95,78,72,213,120,71,67,67,228,284,84,150,221,127,39,43,179,207,366,56,49,141,116,267,142,23,319,84,71,494,354,80,115,305,44,60,115,80,52,604,487,410,67,169,56,221,115,135,207,99,556,102,37,94,35,101,107,158,70,338,221,64,56,121,35,424,25,63,148,77,56,548,169,81,95,354,120,256,120,191,473,193,59,366,50,64,32,37,375,221,123,49,95,31,102,141,23,127,25,43,247,354,107,37,53,169,21,155,247,78,37,134,288,36,113,37,175,169,284,424,277,39,32,141,199,45,150,50,102,25,21,46,205,366,116,178,281,137,35,46,121,155,196,35,161,53,95,22,116,221,211,410,23,115,1065,281,487,102,176,170,21,163,113,98,487,431,459,45,190,31,36,127,37,70,46,148,155,169,190,155,32,67,144,155,232,24,45,63,25,127,99,56,155,36,52,38,113,148,59,79,170,37,50,148,39,170,39,21,57,315,487,288,121];
Surgeon = [2,5,2,6,5,1,4,3,1,5,6,2,1,7,4,1,3,10,4,5,6,2,6,5,3,4,6,6,11,1,4,6,15,3,9,2,1,1,6,3,2,5,2,4,1,3,2,6,4,4,5,6,2,5,1,6,2,1,8,1,6,4,1,5,4,3,8,2,8,1,1,3,3,8,3,2,3,9,2,10,2,2,1,6,2,6,6,7,1,4,5,15,13,4,3,1,3,4,8,4,3,4,4,6,6,6,7,8,3,3,4,6,4,8,2,4,5,2,12,9,6,5,9,4,1,3,7,3,2,1,12,5,1,2,4,13,1,4,7,1,3,9,9,1,6,7,4,3,15,2,7,3,13,3,2,5,2,8,7,3,6,3,7,6,5,4,6,2,10,1,8,3,1,3,4,5,1,2,3,6,10,2,5,1,3,4,3,5,8,4,5,9,11,2,3,2,3,6,2,1,7,3,9,2,6,3,5,4,12,3,5,1,4,4,5,7,2,9,7,2,1,3,3,4,3,8,2,3,8,3,5,2,3,2,2,1,9,3,5,2,3,8];
BlockAvailability = [[[0,1],[1,0],[0,0],[1,0],[0,0],[1,0],[0,0],[1,0]],[[0,1],[0,1],[0,1],[0,0],[0,1],[0,0],[0,0],[0,0]],[[1,0],[1,0],[0,0],[0,1],[0,0],[1,1],[1,0],[1,0]],[[0,0],[0,0],[0,0],[0,0],[0,0],[0,0],[0,0],[0,1]],[[1,0],[0,0],[1,0],[0,0],[0,0],[0,1],[0,0],[1,0]],[[0,1],[1,0],[0,1],[1,0],[0,0],[0,1],[0,1],[0,1]]];
SurgeonAvailability = [[[1,1],[0,1],[1,0],[1,0],[1,1],[1,0]],[[1,1],[1,1],[1,0],[1,1],[1,1],[1,1]],[[1,1],[0,1],[0,1],[1,1],[1,1],[1,1]],[[1,1],[0,1],[1,1],[1,1],[1,1],[1,1]],[[1,0],[1,1],[1,1],[1,1],[1,0],[1,0]],[[0,1],[1,1],[1,1],[1,1],[1,0],[1,1]],[[1,1],[1,1],[1,1],[1,1],[1,1],[1,1]],[[1,1],[1,1],[1,1],[0,0],[1,1],[1,1]],[[1,0],[1,1],[1,1],[1,1],[1,1],[1,0]],[[0,1],[1,1],[1,1],[1,1],[1,0],[1,0]],[[1,1],[1,1],[1,0],[1,0],[1,1],[1,0]],[[1,1],[1,0],[1,1],[0,1],[1,1],[1,0]],[[1,1],[1,1],[1,0],[1,0],[0,1],[1,0]],[[1,1],[1,1],[1,1],[1,1],[0,0],[1,1]],[[1,1],[1,0],[0,0],[1,0],[1,1],[1,1]],[[1,0],[1,1],[1,1],[1,1],[1,1],[0,1]],[[1,1],[1,0],[1,0],[0,1],[1,1],[1,0]],[[1,1],[1,1],[1,1],[1,0],[0,1],[1,1]],[[1,1],[1,0],[1,1],[0,1],[1,1],[0,1]],[[0,0],[0,1],[0,0],[0,1],[1,1],[0,0]],[[1,1],[0,0],[1,1],[1,1],[1,1],[1,1]]];
