int NumberPatients = 219
int NumberOfRooms = 10
int NumberSurgeons = 15
int NumberOfDays = 6
Duration = [98,119,277,66,68,31,198,47,98,32,103,47,277,201,132,39,157,85,119,47,238,118,97,32,103,119,59,263,101,53,114,60,119,79,201,67,32,60,68,31,78,119,85,72,145,85,98,32,97,97,103,198,105,119,103,112,85,118,86,32,34,103,32,60,98,131,32,118,93,98,47,103,98,85,138,39,120,98,101,85,68,227,66,64,71,115,39,93,131,103,166,103,103,130,103,60,103,98,46,166,98,31,98,119,60,65,122,98,66,238,107,65,74,31,146,166,58,81,317,68,98,68,47,119,32,66,201,238,103,72,210,217,32,119,145,65,78,238,119,66,35,78,47,32,78,98,53,98,145,112,50,32,272,217,122,105,66,98,29,115,72,66,47,66,119,119,47,103,46,98,93,98,59,103,105,60,47,105,244,98,72,93,68,32,93,100,66,131,112,119,53,72,145,66,98,117,260,32,78,118,32,166,32,39,119,41,50,85,103,198,101,166,98,72,105,105,103,217,198];
Priority = [0,0,0,0,0,0,0,0,0,0,0,0,0,0,0,0,0,0,0,0,0,0,0,0,0,1,0,0,0,0,0,0,1,0,0,0,0,0,0,0,0,0,0,0,0,0,0,0,0,0,1,0,0,0,0,0,0,0,0,0,0,0,0,0,0,0,0,0,0,0,0,0,0,0,0,0,0,0,0,0,0,1,0,0,0,0,0,0,0,0,0,0,0,0,0,0,0,1,0,0,0,0,0,0,0,0,0,0,0,0,0,0,0,0,0,0,0,0,0,0,0,0,0,0,0,0,0,0,0,0,0,0,0,0,0,0,0,0,0,0,0,0,0,0,0,0,0,0,0,0,0,0,0,0,0,0,0,0,0,0,0,0,0,0,0,0,0,0,0,0,0,0,0,0,0,0,0,0,0,0,0,0,0,0,0,0,0,0,0,0,0,0,0,0,0,0,0,0,0,0,0,0,0,0,0,0,0,0,0,0,0,0,0,0,0,0,0,0,0];
Waiting = [354,58,191,23,81,281,51,389,158,57,86,84,211,178,36,200,31,39,66,56,84,106,543,57,281,141,25,196,45,283,319,102,79,21,171,221,211,67,487,30,256,155,39,39,499,120,81,35,106,57,179,31,37,70,155,43,25,98,49,52,156,205,247,84,310,102,261,44,116,205,86,431,354,193,172,31,84,135,193,49,155,116,35,204,35,134,78,256,480,57,79,99,148,32,351,46,148,366,172,35,120,428,39,113,21,137,78,32,25,155,338,50,127,242,305,59,141,73,46,57,21,200,155,35,107,183,221,50,190,310,78,95,424,269,31,79,52,44,38,487,155,66,37,164,107,80,25,422,60,50,70,81,57,220,196,70,191,200,56,24,106,382,123,84,79,58,127,85,176,66,60,144,361,84,155,39,193,51,32,39,25,204,78,95,70,67,38,158,249,25,101,50,72,70,289,221,50,37,30,35,135,155,25,183,70,155,394,32,269,120,102,63,25,25,53,24,85,114,127];
Surgeon = [10,3,2,7,7,5,1,2,6,5,6,6,4,3,1,6,1,6,1,5,1,6,3,3,4,3,3,4,5,1,1,3,4,3,3,3,4,4,2,4,6,6,3,2,3,5,2,6,5,3,3,1,3,4,3,4,2,10,4,3,2,6,3,6,3,2,5,8,3,5,4,4,4,3,12,3,12,5,1,4,6,11,4,1,6,2,6,15,3,5,11,3,4,5,4,7,3,2,3,1,2,6,4,4,3,5,1,7,6,1,12,9,6,2,7,2,1,1,11,2,4,5,2,1,3,4,3,6,1,5,3,9,1,3,6,11,5,2,6,4,2,2,3,3,17,2,1,4,5,5,6,3,6,3,5,6,3,3,6,4,4,1,4,4,2,3,4,5,4,4,1,4,2,5,1,3,5,7,8,4,3,3,5,1,4,5,4,1,8,3,9,2,6,4,3,3,1,6,2,6,6,5,6,6,4,5,1,4,4,7,2,6,1,17,5,5,7,1,1];
BlockAvailability = [[[0,0],[1,0],[0,0],[0,0],[1,0],[1,1],[0,1],[0,0],[1,1],[1,0]],[[0,0],[0,1],[0,1],[0,0],[0,1],[0,0],[0,0],[0,0],[0,0],[0,0]],[[0,1],[0,0],[0,0],[0,0],[0,0],[1,0],[1,0],[0,0],[1,0],[0,1]],[[0,0],[0,1],[0,0],[0,1],[0,0],[0,0],[0,0],[0,0],[0,0],[0,1]],[[0,1],[0,0],[1,0],[0,1],[0,0],[0,0],[0,0],[1,1],[0,0],[0,0]],[[1,1],[1,0],[0,1],[0,0],[1,0],[0,0],[1,0],[1,0],[0,0],[1,1]]];
SurgeonAvailability = [[[0,1],[1,1],[1,0],[0,1],[0,1],[1,0]],[[1,1],[1,1],[1,1],[1,1],[1,0],[0,0]],[[1,1],[0,0],[1,1],[1,1],[1,1],[1,1]],[[1,0],[1,1],[1,1],[0,1],[1,1],[1,0]],[[0,1],[1,1],[0,1],[1,1],[1,1],[1,1]],[[1,1],[1,1],[1,1],[1,1],[1,1],[0,0]],[[1,1],[1,1],[0,1],[0,0],[1,1],[0,1]],[[1,1],[1,1],[1,1],[1,1],[1,1],[1,1]],[[1,1],[1,1],[0,1],[0,1],[0,1],[0,1]],[[0,1],[0,1],[1,1],[1,1],[1,1],[1,1]],[[1,1],[0,1],[1,1],[1,1],[0,1],[1,1]],[[1,0],[1,1],[1,1],[0,1],[1,0],[1,0]],[[1,0],[1,1],[1,0],[1,0],[1,1],[0,1]],[[1,1],[1,1],[1,0],[0,1],[1,1],[1,1]],[[0,1],[1,1],[0,0],[1,1],[0,1],[0,1]]];
