int NumberPatients = 180
int NumberOfRooms = 5
int NumberSurgeons = 17
int NumberOfDays = 6
Duration = [66,59,32,210,85,85,103,105,260,47,98,105,66,117,72,47,98,93,119,46,85,32,217,238,98,32,46,39,98,119,32,103,98,53,234,46,71,119,41,100,131,76,119,32,32,117,60,50,117,60,97,98,46,39,47,119,32,68,119,130,98,119,32,31,85,85,72,98,117,114,98,64,79,201,119,210,78,93,90,67,119,50,101,39,317,132,119,53,260,32,47,123,119,47,85,53,78,72,71,93,98,32,159,66,32,66,103,39,103,103,32,66,98,105,98,78,98,50,32,93,103,47,30,66,88,72,107,47,71,74,47,85,60,32,66,217,317,159,98,47,217,32,64,68,260,46,50,98,101,47,126,272,98,112,47,94,32,130,47,60,103,96,119,98,112,32,98,98,60,119,98,103,118,119,66,119,78,32,32,98];
Priority = [0,0,0,0,0,0,0,0,0,0,0,0,0,0,0,0,0,0,0,0,0,0,0,0,0,0,0,0,0,0,0,0,0,0,0,0,0,0,0,0,0,0,0,0,0,0,0,0,0,0,0,0,0,0,0,0,0,0,0,0,0,0,0,0,0,0,0,0,0,0,0,0,0,0,2,0,0,0,0,0,0,0,0,0,0,0,0,0,0,1,0,0,0,0,0,0,0,0,1,0,0,1,0,0,0,0,0,0,0,0,0,0,0,0,0,0,0,0,0,0,0,0,0,0,0,0,0,0,0,0,1,0,0,0,0,0,0,0,0,0,0,0,0,0,0,0,0,0,0,0,0,0,0,0,0,0,0,0,0,0,0,0,0,0,0,0,0,0,0,0,0,0,0,0,0,0,0,0,0,0];
Waiting = [25,113,37,137,63,256,155,316,269,256,58,31,99,49,37,60,36,74,213,57,52,127,148,150,141,135,84,95,141,267,199,56,422,79,277,176,107,70,60,375,163,178,315,288,183,36,23,106,24,267,63,25,70,220,35,45,80,39,53,102,204,487,70,67,148,183,36,305,73,358,204,191,58,72,45,221,163,98,73,63,22,56,135,37,141,191,389,43,193,256,361,354,162,37,78,214,543,253,177,319,43,141,23,148,107,60,38,56,79,186,107,102,144,144,58,480,37,79,80,32,135,158,79,79,43,59,25,179,78,23,59,281,78,284,394,134,99,127,79,148,85,428,45,256,175,49,137,284,200,220,51,205,74,22,59,63,44,141,59,134,150,45,70,127,269,37,289,38,56,120,1047,150,23,36,247,106,58,191,177,135];
Surgeon = [1,6,7,6,12,7,3,11,2,2,4,1,3,5,2,1,11,3,2,4,8,2,2,1,4,6,1,1,3,1,3,5,4,7,4,3,1,4,2,1,5,4,5,6,3,2,4,2,1,1,2,6,2,6,7,2,2,9,3,7,8,1,3,6,1,1,1,2,3,1,4,2,1,8,2,1,1,4,2,3,2,4,1,5,1,4,7,5,6,9,4,9,1,4,7,2,2,5,13,3,5,4,1,4,2,6,5,6,11,15,4,10,3,5,5,7,1,4,8,3,8,1,5,2,6,3,5,6,5,4,4,4,3,5,2,1,5,3,5,5,3,2,3,5,10,4,1,15,10,5,2,2,5,1,3,2,3,2,5,2,6,5,2,7,6,1,8,2,4,2,1,1,5,3,1,4,11,3,3,8];
BlockAvailability = [[[0,0],[1,0],[0,1],[0,0],[1,0]],[[0,0],[1,0],[0,0],[0,0],[1,0]],[[0,0],[1,0],[1,1],[0,0],[0,1]],[[1,0],[0,0],[0,0],[0,0],[0,0]],[[0,0],[0,0],[0,0],[1,0],[0,0]],[[1,0],[1,0],[0,0],[0,1],[0,0]]];
SurgeonAvailability = [[[1,1],[1,1],[1,1],[1,1],[1,1],[1,1]],[[1,1],[1,1],[1,1],[1,1],[1,1],[1,0]],[[0,1],[1,1],[1,0],[1,1],[0,1],[1,0]],[[1,0],[1,0],[1,1],[1,0],[0,0],[1,1]],[[1,1],[1,1],[1,0],[1,1],[1,1],[1,1]],[[1,1],[1,1],[1,1],[1,0],[1,1],[1,1]],[[1,1],[1,1],[0,0],[1,0],[1,1],[1,0]],[[0,0],[1,1],[1,1],[1,1],[1,1],[0,0]],[[0,1],[1,1],[1,1],[1,1],[1,1],[0,1]],[[0,1],[1,1],[1,1],[1,1],[1,0],[1,1]],[[1,1],[1,1],[1,1],[1,1],[1,1],[1,0]],[[1,1],[0,1],[0,1],[1,1],[1,1],[1,0]],[[0,1],[1,0],[0,1],[0,1],[1,1],[1,1]],[[1,1],[1,1],[1,1],[0,0],[1,1],[1,1]],[[1,0],[0,1],[1,1],[0,1],[1,1],[1,1]],[[1,1],[1,1],[1,1],[0,1],[1,1],[1,1]],[[0,1],[0,1],[1,1],[1,0],[1,1],[0,1]]];
