int NumberPatients = 235
int NumberOfRooms = 1
int NumberSurgeons = 5
int NumberOfDays = 6
Duration = [32,85,92,60,103,39,85,264,138,210,53,88,98,33,32,166,31,103,66,44,103,119,217,32,208,46,78,166,47,105,47,50,103,103,66,140,93,238,166,130,47,32,100,46,32,131,100,72,72,85,32,53,32,210,101,98,31,66,256,115,97,59,227,53,103,98,131,210,119,98,32,60,60,208,104,80,66,112,47,32,98,85,32,53,85,119,119,103,227,119,32,103,60,47,75,138,120,53,38,85,60,85,140,55,98,105,60,32,32,94,53,98,32,105,317,39,71,100,79,119,47,59,41,119,103,103,53,205,210,98,50,217,131,101,66,103,68,260,119,98,53,119,166,53,46,100,238,132,103,32,210,72,66,130,227,47,85,93,119,103,47,78,72,60,47,103,32,66,41,66,103,66,103,58,32,90,131,74,131,105,32,98,66,30,85,103,47,114,58,119,64,85,31,53,244,32,30,198,46,32,98,105,78,119,98,32,93,98,61,72,98,32,60,72,119,131,103,103,72,105,53,32,30,32,119,38,66,252,72,72,249,105,38,260,47];
Priority = [0,0,0,0,0,0,0,0,0,0,0,0,0,0,0,0,0,0,0,0,0,0,0,1,0,0,0,0,0,0,0,0,0,0,0,0,0,0,0,0,0,0,0,0,0,0,0,0,0,0,0,0,1,0,0,0,0,0,1,0,0,0,0,0,0,0,0,0,0,0,0,0,0,0,0,0,0,0,0,0,0,0,0,0,0,0,0,0,0,0,0,0,0,0,0,0,0,0,0,0,0,0,0,0,0,0,0,0,0,0,0,0,0,0,0,0,0,0,0,0,0,0,0,0,0,0,1,0,1,0,0,0,0,0,0,0,0,0,0,0,0,0,0,0,0,0,0,0,0,0,0,0,0,0,0,0,0,0,0,0,0,0,2,1,0,0,0,0,0,0,0,0,0,0,0,0,0,0,0,0,0,0,0,0,0,0,0,0,0,0,1,0,0,0,0,0,0,0,0,0,0,0,0,0,0,0,0,0,0,0,0,0,0,0,0,0,0,0,0,0,0,0,0,1,0,0,0,0,0,0,0,0,0,0,0];
Waiting = [120,113,80,23,148,319,191,151,156,24,183,78,548,85,25,58,52,172,382,155,269,417,36,32,43,67,21,389,338,127,25,120,169,464,70,63,45,24,51,59,30,35,120,93,24,247,169,107,178,316,163,169,30,63,46,80,53,78,338,207,39,221,120,116,155,249,494,120,32,228,21,80,191,70,43,214,57,410,80,319,158,253,169,158,218,78,150,32,178,144,70,133,31,137,53,155,56,57,149,137,37,120,73,51,25,142,155,77,127,225,155,24,193,155,176,73,162,93,70,39,45,24,127,107,116,24,141,284,135,36,23,205,49,51,162,50,445,25,60,221,354,21,78,164,178,116,86,65,37,190,39,366,84,116,134,95,65,37,148,84,190,281,49,101,56,494,135,84,59,58,60,35,205,60,518,84,60,487,31,242,164,354,162,211,121,23,141,85,23,77,45,58,120,106,70,22,24,487,115,225,176,56,459,480,144,25,221,72,35,79,21,310,106,32,58,354,106,297,164,259,205,170,65,205,25,242,37,39,191,155,43,43,94,36,190];
Surgeon = [7,3,9,1,1,1,4,6,7,5,5,11,3,6,11,5,2,9,3,8,3,3,1,4,2,7,6,1,6,1,4,6,13,3,8,1,4,1,1,3,8,4,10,6,6,3,8,2,5,5,3,6,6,10,5,1,5,1,5,1,7,1,2,8,5,5,2,2,5,3,4,7,5,6,1,1,5,3,6,4,1,2,8,4,2,2,3,3,5,4,15,1,6,5,1,4,1,8,2,9,2,4,4,2,8,5,5,9,1,4,2,1,5,1,11,3,3,2,6,5,4,5,4,1,4,6,4,2,3,1,4,5,7,2,3,5,4,8,12,7,5,3,1,6,3,3,6,4,6,5,8,6,5,4,2,3,10,4,6,3,2,7,4,6,5,1,5,1,6,4,9,5,3,5,4,3,10,3,3,4,7,5,2,6,4,4,2,1,1,5,1,1,3,1,6,10,5,6,2,6,8,6,1,4,6,1,3,4,5,6,2,3,2,3,3,4,1,6,3,3,3,6,3,6,6,4,5,3,7,3,3,7,6,7,5];
BlockAvailability = [[[0,0]],[[0,0]],[[0,0]],[[0,0]],[[0,1]],[[0,0]]];
SurgeonAvailability = [[[1,0],[1,0],[1,1],[0,1],[1,1],[1,1]],[[1,0],[1,1],[0,0],[0,1],[1,1],[0,1]],[[1,1],[1,1],[1,0],[1,1],[1,0],[1,1]],[[0,0],[1,0],[1,0],[0,0],[0,1],[1,0]],[[1,0],[0,0],[1,1],[1,0],[1,1],[0,1]]];
