int NumberPatients = 241
int NumberOfRooms = 12
int NumberSurgeons = 11
int NumberOfDays = 6
Duration = [60,66,244,38,86,105,88,166,119,47,98,78,66,208,66,60,98,46,32,31,53,60,112,117,32,32,119,60,131,97,105,101,46,31,130,267,32,32,140,76,103,32,38,267,31,119,32,98,105,50,32,114,227,60,46,78,66,32,98,31,210,277,98,103,131,66,50,66,117,264,103,32,32,90,105,60,98,119,98,256,131,78,249,93,105,58,103,66,103,98,157,32,98,50,98,227,60,103,32,130,38,122,234,58,68,66,93,60,29,98,119,217,47,66,66,31,32,227,31,98,32,119,166,53,115,31,114,72,59,47,60,66,98,98,78,60,66,32,30,159,98,238,159,32,98,32,60,107,35,98,105,132,33,166,32,101,46,74,159,105,85,32,119,130,39,31,132,86,31,105,39,46,78,66,32,98,31,131,93,210,32,138,105,74,60,34,93,217,66,98,75,31,80,105,93,29,58,32,31,130,67,103,119,31,103,66,103,98,198,32,47,47,53,32,103,72,103,32,131,201,41,60,66,32,103,119,31,234,98,119,103,78,131,60,105,166,74,32,32,35,201];
Priority = [0,0,0,0,0,0,0,0,0,0,0,0,0,0,0,0,0,0,0,0,0,0,0,0,0,0,0,0,0,0,0,0,0,0,0,0,0,0,0,0,0,0,0,0,0,0,0,0,0,0,0,0,0,0,1,0,0,0,0,0,0,0,0,0,0,0,0,0,0,0,0,0,0,0,0,0,0,0,0,0,0,0,0,0,0,0,0,0,0,0,0,0,0,0,0,0,0,0,0,0,0,0,0,0,0,0,0,0,0,0,0,0,0,0,0,0,0,0,0,0,0,0,0,0,0,0,0,0,0,0,0,0,0,0,0,0,0,0,0,0,0,0,0,0,0,0,0,0,0,1,0,0,0,0,0,0,0,0,0,0,0,0,0,0,0,0,0,0,0,0,0,0,0,0,0,1,0,0,0,0,0,0,0,0,0,0,0,0,0,0,0,0,0,0,0,0,0,0,0,0,0,0,0,0,0,0,0,0,0,0,0,0,0,0,0,0,0,0,0,0,0,0,0,0,0,0,0,0,0,0,0,0,0,0,0,0,0,0,0,0,0];
Waiting = [297,242,50,45,106,85,36,36,123,158,141,31,382,79,148,37,31,150,428,80,25,261,163,80,487,172,32,162,316,51,1096,56,57,23,172,120,389,98,155,37,116,56,66,72,25,52,200,36,284,200,58,46,480,164,59,60,63,338,23,25,190,148,50,172,205,214,211,107,70,37,135,66,72,45,183,275,134,45,74,80,25,196,137,70,22,63,305,116,78,375,36,106,120,218,196,52,116,51,37,95,25,25,387,120,366,50,80,178,50,107,36,141,45,39,57,58,43,94,36,24,24,39,158,127,73,65,121,63,183,30,98,135,141,259,116,37,51,200,53,52,462,39,358,31,37,79,382,354,116,221,37,179,84,107,149,135,164,58,113,185,113,25,85,164,175,186,25,52,84,43,60,190,199,176,80,85,79,141,135,141,79,57,46,50,24,1065,284,35,178,141,43,207,43,46,196,106,199,50,80,281,127,25,135,60,74,70,107,22,44,67,134,24,200,106,70,22,155,183,81,221,84,221,247,317,155,120,248,198,59,46,43,57,51,32,70,79,56,72,72,80,179];
Surgeon = [2,4,3,2,10,3,10,4,5,6,6,2,3,5,10,1,4,3,6,1,11,1,2,3,5,1,1,5,3,3,2,2,3,2,7,2,2,1,2,4,6,5,2,3,4,6,7,6,1,3,6,4,9,3,7,4,2,6,10,6,4,4,1,8,4,1,1,1,5,8,3,2,3,1,4,3,6,3,7,5,6,4,10,1,4,4,16,6,3,2,1,1,8,9,5,7,1,5,1,6,1,1,2,3,1,6,1,6,6,1,2,10,6,3,8,1,11,3,4,8,1,5,1,3,13,12,7,7,6,6,7,3,1,11,6,6,3,2,7,3,5,1,3,6,10,4,3,6,1,1,7,4,4,6,1,11,2,5,6,5,4,3,1,8,7,1,3,9,3,5,12,3,12,1,5,5,7,1,3,5,4,4,7,2,6,6,2,6,6,8,1,6,9,10,2,3,4,12,2,12,7,6,5,1,3,1,5,3,5,1,5,11,1,12,3,5,4,1,12,6,6,7,2,3,5,1,2,2,1,5,3,2,12,5,3,2,3,4,9,2,3];
BlockAvailability = [[[1,0],[0,0],[1,0],[1,0],[0,1],[0,1],[0,0],[0,0],[1,0],[0,0],[0,0],[0,0]],[[1,1],[0,0],[0,0],[0,0],[0,1],[0,1],[0,1],[1,0],[0,0],[0,1],[0,0],[1,0]],[[0,0],[0,0],[1,1],[1,0],[0,0],[0,0],[0,0],[1,1],[1,1],[0,1],[0,0],[0,0]],[[0,1],[0,1],[0,0],[0,0],[0,0],[1,1],[0,0],[0,0],[0,1],[1,1],[0,0],[0,0]],[[0,0],[0,0],[1,1],[0,0],[0,0],[0,0],[0,1],[1,1],[0,0],[0,0],[0,0],[0,0]],[[1,0],[0,1],[0,0],[0,0],[1,0],[0,1],[1,0],[0,0],[0,0],[0,1],[0,0],[0,0]]];
SurgeonAvailability = [[[1,1],[1,0],[1,1],[1,1],[1,0],[1,1]],[[1,1],[0,1],[1,1],[0,1],[1,1],[1,1]],[[1,0],[1,0],[1,1],[1,0],[1,1],[0,1]],[[1,0],[1,1],[1,1],[0,1],[1,1],[0,0]],[[1,1],[1,0],[0,1],[1,1],[1,1],[0,0]],[[1,1],[1,1],[1,1],[1,1],[0,0],[1,1]],[[1,1],[1,0],[1,1],[1,0],[1,1],[1,1]],[[1,1],[1,1],[1,0],[1,1],[1,0],[1,1]],[[1,1],[1,1],[1,1],[0,1],[1,0],[0,1]],[[0,1],[1,1],[1,1],[1,1],[1,0],[1,0]],[[1,1],[1,0],[1,1],[1,1],[1,1],[0,1]]];
