int NumberPatients = 226
int NumberOfRooms = 5
int NumberSurgeons = 2
int NumberOfDays = 6
Duration = [64,260,47,30,44,32,50,210,98,32,60,277,86,32,50,107,140,119,317,130,32,260,79,47,58,60,58,32,78,217,103,98,47,131,66,72,98,98,208,216,32,85,166,112,60,103,40,210,146,47,32,165,119,201,60,119,119,264,165,68,32,119,100,32,98,93,32,98,32,47,201,32,67,105,58,118,60,119,98,67,71,72,66,105,53,47,140,38,103,32,93,32,119,98,39,60,72,98,85,66,31,39,65,98,85,47,53,94,201,47,60,39,98,131,66,32,32,119,47,103,32,32,66,60,119,93,47,32,60,40,93,47,30,227,131,120,130,98,60,157,98,66,105,64,93,39,98,98,98,31,277,119,103,32,208,105,32,66,32,39,210,98,53,64,59,107,32,98,105,41,41,159,46,201,65,53,31,53,53,201,98,98,119,47,32,130,31,166,98,103,47,119,238,60,131,114,98,66,32,119,260,98,98,103,98,31,67,238,103,114,32,31,119,59,38,103,210,66,28,98,31,59,105,201,47,267];
Priority = [0,0,0,0,0,0,0,0,0,0,0,0,0,0,0,0,0,0,0,0,0,0,0,0,0,0,0,0,0,0,0,0,0,0,0,0,0,0,0,0,0,0,0,0,0,0,0,0,0,0,0,0,0,0,0,0,0,0,0,0,0,0,0,0,0,0,0,0,0,0,0,0,0,0,0,0,0,0,0,0,0,0,0,0,0,0,0,0,0,0,0,0,0,0,0,0,0,0,0,0,0,0,0,0,0,0,0,0,0,0,0,0,0,0,0,0,0,0,0,0,0,0,0,0,0,0,0,0,0,0,0,0,0,0,0,0,0,0,0,0,0,0,0,0,0,0,0,0,0,0,0,0,0,0,0,0,0,0,0,0,0,0,0,0,0,0,0,0,0,0,0,0,0,0,0,0,0,0,0,0,0,0,0,0,0,0,0,0,0,0,0,0,0,0,0,0,0,0,0,0,0,0,0,0,0,0,0,0,2,0,0,0,0,0,0,0,0,0,0,0,0,0,0,0,0,0];
Waiting = [338,1096,148,101,32,23,43,170,79,102,52,49,366,198,473,64,49,95,25,141,60,155,46,53,43,172,116,148,52,35,43,178,84,35,155,56,37,121,101,242,270,56,51,52,155,128,45,24,39,107,36,56,107,269,155,36,57,190,24,141,45,63,487,78,150,120,548,80,261,354,190,70,253,113,50,171,66,134,211,186,38,232,141,247,155,60,59,45,165,297,354,113,70,24,23,184,176,155,80,43,424,72,316,141,74,45,280,81,375,102,67,79,59,270,43,214,63,78,85,45,113,196,67,227,67,31,85,387,270,163,158,73,46,137,59,148,141,177,63,77,135,120,120,156,30,161,65,200,81,59,107,424,113,115,141,155,107,50,84,57,155,38,49,81,141,158,84,133,375,52,137,191,101,107,78,35,228,366,163,50,25,24,79,135,43,52,107,431,59,63,60,24,57,35,148,289,155,220,141,37,115,375,79,79,172,59,338,21,35,45,70,259,43,102,21,291,87,127,43,207,207,161,24,115,169,37];
Surgeon = [3,5,1,5,2,5,7,6,1,10,5,1,8,1,4,7,7,7,1,9,4,1,12,6,3,1,3,4,1,2,8,5,13,15,2,1,4,5,6,2,7,2,1,4,4,6,1,6,17,8,7,7,1,6,1,3,5,1,6,6,5,4,1,8,12,5,5,2,12,5,3,8,3,1,6,1,6,1,4,6,2,1,5,3,6,4,1,6,4,1,6,5,2,8,5,4,3,5,2,3,1,1,3,6,11,8,6,7,2,11,5,3,3,5,1,6,3,6,1,1,1,1,6,5,4,2,4,3,3,5,10,4,5,3,12,3,4,3,5,4,1,4,7,14,5,7,15,12,7,3,1,7,6,5,4,2,2,2,3,2,3,4,3,5,1,2,1,2,6,1,15,7,2,1,3,3,6,1,4,5,2,4,5,6,5,6,5,1,3,3,2,9,10,5,1,7,6,3,2,6,7,3,1,4,6,2,5,3,16,10,2,7,5,4,3,3,2,7,1,6,4,6,2,7,3,6];
BlockAvailability = [[[0,0],[0,1],[0,0],[0,0],[0,1]],[[0,1],[1,0],[0,0],[1,0],[1,0]],[[0,0],[0,0],[0,0],[0,1],[1,0]],[[0,1],[0,1],[1,0],[0,0],[0,0]],[[1,0],[0,0],[0,0],[0,0],[1,0]],[[0,0],[0,0],[0,1],[0,0],[0,0]]];
SurgeonAvailability = [[[1,1],[1,1],[1,1],[1,1],[1,1],[1,1]],[[1,1],[1,1],[1,1],[1,1],[1,1],[1,1]]];
