int NumberPatients = 215
int NumberOfRooms = 14
int NumberSurgeons = 6
int NumberOfDays = 6
Duration = [105,98,103,98,46,131,66,64,32,201,66,32,119,47,105,32,227,244,47,47,260,103,114,66,101,119,103,157,72,98,117,46,31,32,66,86,100,101,32,38,32,119,38,98,47,32,107,32,256,103,55,46,47,93,98,38,32,210,60,32,76,146,98,217,71,217,166,131,31,119,59,112,85,103,60,98,66,66,74,66,32,103,78,256,119,114,47,98,47,78,32,59,53,32,97,98,103,66,119,59,103,317,105,47,47,31,98,47,117,32,41,105,103,78,119,32,210,103,85,60,66,105,32,32,98,32,103,47,227,119,105,103,98,105,31,66,41,132,72,72,103,32,32,50,101,59,98,66,31,131,98,166,112,103,166,98,98,53,41,66,208,159,217,47,66,47,72,66,93,78,272,81,166,31,72,93,32,60,53,130,31,119,103,47,119,98,47,210,47,78,32,227,105,58,32,201,159,66,125,238,47,47,32,46,227,119,32,114,198,238,46,103,157,98,68];
Priority = [0,0,0,0,0,0,0,0,0,0,0,0,0,0,0,0,0,0,0,0,0,0,0,0,0,0,0,0,0,0,0,0,0,0,0,0,0,0,0,0,0,0,1,0,0,0,0,0,0,0,0,0,0,0,0,0,0,0,0,0,1,0,0,0,0,0,0,0,0,0,0,0,0,0,0,0,0,0,0,0,0,0,0,0,0,0,0,1,0,0,0,0,0,0,0,0,0,0,0,0,0,0,0,0,0,0,0,0,0,0,0,0,0,0,0,0,0,0,0,0,0,0,0,0,0,0,0,0,0,0,0,0,0,0,1,0,0,0,0,0,0,0,0,0,0,0,0,0,0,0,0,0,0,0,0,0,0,0,0,0,0,0,0,0,0,0,0,0,0,0,0,0,0,0,0,0,0,0,0,0,0,0,0,0,0,0,0,0,0,0,0,0,0,0,0,0,0,0,0,0,0,0,0,0,0,0,0,0,0,0,0,0,0,0,0];
Waiting = [289,191,269,59,214,113,280,211,95,102,45,38,32,37,141,50,60,99,141,80,80,200,102,50,198,23,480,316,37,63,198,113,366,56,60,317,37,422,155,59,70,127,25,247,249,116,354,99,56,70,113,80,60,176,106,37,72,165,65,79,37,144,57,338,123,95,158,176,52,221,543,45,198,280,178,351,155,35,37,361,95,39,196,123,63,52,37,35,487,121,127,66,80,37,116,50,121,107,67,113,30,35,86,366,175,121,37,78,200,116,81,60,121,120,123,59,23,23,220,312,113,37,387,120,115,207,39,49,142,169,141,23,116,25,70,183,25,141,338,123,25,79,52,190,31,35,144,46,50,58,106,148,70,214,106,63,57,60,94,39,123,113,93,221,37,183,156,56,220,94,141,324,297,37,37,113,247,38,116,36,207,548,36,277,205,162,193,249,56,106,25,172,80,445,51,23,63,59,65,74,120,207,65,158,98,270,46,78,205,93,25,324,135,45,155];
Surgeon = [2,2,2,5,2,2,3,10,4,6,2,2,9,5,2,1,3,12,5,9,11,3,4,6,7,1,6,5,6,9,4,2,6,3,1,13,8,2,1,5,15,6,3,12,7,3,1,7,3,3,4,1,3,8,1,1,2,9,4,3,3,1,1,5,4,6,8,6,4,10,6,9,4,5,5,1,4,11,4,4,1,13,7,8,6,1,2,6,2,6,1,6,3,2,1,6,10,5,1,5,6,3,1,1,4,6,1,1,1,7,6,4,6,2,6,5,4,1,5,2,2,7,2,2,1,2,2,6,1,7,3,3,5,1,2,5,7,4,3,2,13,4,6,3,3,4,8,3,7,15,6,6,5,6,6,6,14,5,9,5,3,8,4,6,6,6,1,3,4,4,3,3,9,6,5,4,3,1,5,5,1,3,7,10,1,3,1,4,3,6,5,8,1,8,2,1,2,2,6,4,6,1,1,7,5,7,11,1,6,8,4,6,3,17,7];
BlockAvailability = [[[0,0],[0,1],[1,1],[0,0],[1,0],[0,0],[0,0],[0,1],[0,0],[1,0],[0,0],[0,1],[0,0],[0,0]],[[0,0],[0,0],[1,1],[0,0],[0,0],[0,0],[0,1],[0,1],[0,0],[1,1],[0,0],[0,0],[0,0],[0,1]],[[0,0],[0,0],[0,0],[0,0],[0,1],[1,0],[0,0],[0,1],[1,0],[0,0],[0,1],[0,0],[0,0],[1,0]],[[0,0],[1,1],[0,0],[0,1],[0,0],[0,0],[0,0],[0,0],[0,0],[0,1],[1,0],[0,0],[1,0],[0,1]],[[0,0],[0,0],[1,1],[0,0],[0,0],[0,0],[1,0],[1,0],[0,0],[0,0],[1,0],[0,0],[0,0],[1,0]],[[1,0],[1,0],[1,1],[1,0],[1,0],[0,1],[0,0],[0,1],[0,0],[0,0],[1,0],[0,0],[0,0],[0,0]]];
SurgeonAvailability = [[[1,1],[0,0],[1,0],[1,1],[1,1],[1,1]],[[1,1],[1,1],[1,1],[1,1],[1,1],[1,1]],[[1,1],[1,1],[0,1],[1,1],[1,1],[0,1]],[[0,1],[1,1],[1,0],[0,0],[0,1],[1,0]],[[0,1],[0,1],[1,1],[1,1],[1,1],[1,1]],[[1,1],[1,0],[1,1],[1,1],[1,0],[1,1]]];
