int NumberPatients = 215
int NumberOfRooms = 10
int NumberSurgeons = 2
int NumberOfDays = 6
Duration = [72,105,64,66,198,32,208,98,47,119,97,119,98,238,41,81,117,32,46,50,119,32,131,103,32,119,32,33,66,216,98,75,66,30,98,65,119,119,131,47,249,50,66,131,32,119,32,32,166,53,59,72,132,98,131,60,119,103,85,103,201,238,31,32,46,32,32,53,145,105,58,40,46,119,33,119,105,210,119,72,210,58,105,98,238,112,166,96,120,34,101,58,117,98,114,103,119,98,107,58,166,105,31,66,260,131,66,119,117,47,66,159,105,260,28,32,66,119,103,210,105,114,98,93,85,256,32,105,32,41,50,38,34,119,47,98,32,47,103,47,78,31,32,98,131,72,46,101,210,47,159,98,66,47,93,103,131,238,95,32,68,98,66,32,58,66,103,98,85,53,29,47,66,67,72,119,217,98,114,238,32,32,93,58,252,72,201,119,117,100,53,117,98,263,65,41,32,131,47,112,98,47,50,98,66,120,72,38,32,47,201,157,32,72,72];
Priority = [0,0,0,0,0,0,0,0,0,0,0,0,0,0,0,0,0,0,0,0,0,0,0,0,0,0,0,0,0,0,0,0,1,0,0,0,0,0,0,0,0,0,0,0,0,0,0,0,0,0,0,0,0,0,0,0,0,0,0,0,0,0,0,0,0,0,0,0,0,0,0,0,0,0,0,0,0,0,0,0,0,0,0,0,0,0,0,0,0,0,0,0,0,0,0,0,0,0,0,0,0,0,0,0,0,0,0,0,0,0,0,0,0,0,0,0,0,0,0,0,0,0,0,0,0,0,0,0,1,0,0,0,0,0,0,0,0,0,0,0,0,0,0,0,0,0,0,0,0,0,0,0,0,0,0,0,0,0,0,0,0,0,0,0,0,0,0,0,0,0,1,1,0,0,0,0,0,0,0,0,0,0,0,0,0,0,0,0,0,0,1,0,0,0,0,0,0,0,0,0,0,1,1,0,0,0,0,0,0,0,0,0,0,0,0];
Waiting = [72,59,172,135,63,494,23,45,79,151,115,59,289,120,78,37,57,59,178,86,25,155,211,30,186,84,24,150,46,70,25,38,37,113,73,120,164,98,396,43,30,43,148,211,64,95,53,324,120,176,52,354,37,155,24,57,49,37,155,39,59,387,65,315,66,445,144,155,375,120,120,60,56,102,106,116,183,394,72,51,43,32,135,93,417,431,141,211,85,106,79,175,487,148,70,44,144,37,35,410,37,73,56,128,338,59,186,25,37,148,116,31,456,46,121,148,21,49,25,148,281,191,25,23,351,39,199,66,22,53,480,120,81,43,417,86,66,366,32,31,80,60,205,46,150,30,39,253,158,141,45,31,32,37,200,228,183,116,45,67,78,37,52,72,225,141,85,25,98,256,358,84,288,32,24,115,65,36,221,44,169,37,99,45,101,190,164,144,123,72,178,22,281,30,175,127,57,119,46,57,253,120,141,37,155,556,52,23,72,49,317,183,85,79,289];
Surgeon = [6,6,6,9,4,10,1,3,5,1,10,2,1,1,1,13,5,5,1,3,11,13,2,5,4,1,1,5,4,8,1,3,2,2,2,2,3,2,1,3,6,7,2,13,7,4,1,3,1,6,3,7,1,10,6,5,1,6,4,6,5,1,7,1,7,4,8,7,4,1,1,4,4,6,2,9,4,1,2,6,4,1,3,6,1,4,2,5,9,5,2,4,1,1,4,1,10,2,3,6,6,12,3,5,3,2,1,4,1,3,3,6,5,7,4,6,3,1,1,2,5,1,6,4,4,7,5,3,2,5,3,2,6,4,4,5,3,5,3,3,2,5,2,5,4,6,3,1,2,6,3,9,6,10,1,5,5,4,2,1,7,9,1,1,6,8,4,3,1,5,3,6,2,1,5,1,7,1,1,9,2,5,2,5,3,5,3,4,1,13,3,2,1,2,1,2,2,10,1,8,2,6,7,3,1,3,7,5,1,9,11,9,1,7,3];
BlockAvailability = [[[0,0],[0,1],[0,1],[0,0],[1,0],[0,0],[0,1],[0,1],[0,0],[1,0]],[[0,0],[0,0],[0,0],[1,0],[0,0],[1,1],[0,1],[0,0],[1,0],[0,0]],[[0,0],[0,0],[1,0],[0,0],[0,0],[0,0],[0,1],[0,1],[0,0],[0,1]],[[0,1],[1,0],[1,0],[0,1],[0,0],[0,0],[1,1],[0,0],[0,0],[0,1]],[[0,0],[1,0],[0,1],[0,0],[0,0],[1,1],[0,0],[0,0],[0,0],[0,0]],[[0,0],[0,0],[0,0],[0,0],[1,1],[0,0],[1,0],[1,1],[0,0],[0,0]]];
SurgeonAvailability = [[[1,1],[1,0],[1,1],[1,1],[0,1],[1,0]],[[1,0],[1,1],[1,1],[0,1],[1,1],[1,1]]];
