int NumberPatients = 143
int NumberOfRooms = 3
int NumberSurgeons = 4
int NumberOfDays = 6
Duration = [98,31,53,66,53,32,105,32,130,119,50,119,201,119,66,72,97,32,78,47,267,131,94,166,117,227,205,32,31,130,32,31,47,103,32,157,47,41,256,32,60,131,107,31,119,32,256,93,30,60,32,166,227,32,95,131,32,47,201,31,105,66,97,32,68,166,58,100,60,98,227,201,59,47,72,47,60,131,105,98,105,210,32,47,32,40,47,66,32,72,119,103,103,93,66,64,47,66,75,32,44,85,75,93,132,119,81,60,31,39,98,103,59,120,60,98,32,98,107,30,98,119,256,105,166,53,47,166,122,201,46,93,98,32,66,78,66,120,30,105,98,131,119];
Priority = [0,0,0,0,0,0,0,0,0,0,0,0,0,0,0,0,0,0,0,0,0,0,0,0,0,0,0,0,0,0,0,0,0,0,0,0,0,0,0,0,0,0,0,0,0,0,0,0,0,0,0,0,0,0,0,0,0,0,0,0,0,0,0,0,0,0,0,0,0,0,0,0,0,0,0,0,0,0,0,0,0,0,0,0,0,0,0,0,0,0,0,0,0,0,0,0,0,0,0,0,0,0,0,0,0,0,0,0,0,0,0,0,0,0,0,0,0,0,0,0,0,0,0,0,0,0,0,0,0,0,0,0,0,0,0,0,0,0,0,0,0,0,0];
Waiting = [179,127,25,113,21,120,338,74,228,101,221,59,115,175,21,338,211,422,66,338,120,50,556,178,52,107,141,134,56,199,35,51,80,32,57,141,462,23,169,32,354,51,137,127,74,176,113,193,248,24,80,21,46,25,205,37,57,214,25,183,155,102,37,39,58,178,191,50,204,24,23,127,106,116,45,211,164,43,204,73,123,198,127,37,179,155,120,84,107,45,85,95,92,445,79,155,354,198,37,35,37,78,102,242,172,56,430,79,81,261,43,65,135,43,116,135,155,205,172,113,56,52,59,478,120,86,23,37,24,141,38,141,64,56,78,277,72,79,22,43,45,95,190];
Surgeon = [2,10,4,3,1,4,2,5,6,2,5,6,11,5,6,13,1,3,2,2,1,2,8,2,6,3,6,5,3,11,8,2,4,5,6,5,5,6,3,3,4,5,2,1,3,3,2,4,3,13,5,6,6,3,3,9,1,9,1,3,1,2,1,1,6,5,5,5,5,8,4,1,3,8,1,6,4,13,9,1,9,4,3,3,4,5,2,3,4,13,10,7,1,7,3,11,1,3,3,1,7,8,2,5,3,4,3,5,3,4,3,4,5,10,2,4,2,3,6,4,2,1,5,1,5,6,3,4,1,14,1,1,1,3,7,5,12,6,3,6,1,3,1];
BlockAvailability = [[[0,0],[0,0],[1,0]],[[0,0],[0,0],[0,1]],[[1,0],[0,0],[1,1]],[[0,0],[0,0],[0,0]],[[0,0],[1,1],[0,0]],[[1,1],[0,0],[0,0]]];
SurgeonAvailability = [[[1,1],[1,0],[0,0],[1,0],[0,1],[1,1]],[[1,0],[1,0],[1,1],[1,1],[1,0],[0,1]],[[1,1],[1,1],[1,1],[1,1],[1,1],[1,0]],[[1,1],[1,1],[1,1],[1,1],[1,1],[0,1]]];
