int NumberPatients = 175
int NumberOfRooms = 8
int NumberSurgeons = 4
int NumberOfDays = 6
Duration = [66,93,32,93,98,32,39,107,32,85,131,32,66,60,80,93,238,47,103,59,68,60,60,85,96,249,140,47,53,98,105,60,117,117,46,114,227,53,132,93,119,30,159,98,50,31,93,53,32,238,60,93,85,114,32,119,41,53,53,47,60,39,98,98,32,32,117,60,98,32,114,42,41,53,60,260,103,66,46,32,53,78,71,146,105,103,166,119,33,119,146,238,130,103,47,31,50,130,132,103,103,47,32,32,31,98,29,120,53,47,103,126,47,32,46,35,92,66,131,39,105,131,46,46,46,47,85,103,103,60,53,217,98,217,101,234,264,47,119,32,131,30,166,66,60,145,46,131,256,68,32,68,119,50,46,58,166,119,53,98,210,60,260,119,103,31,32,33,31,35,78,168,208,97,53];
Priority = [0,0,0,0,0,0,0,0,0,0,0,0,0,0,0,0,0,0,0,0,0,0,0,0,0,0,0,0,0,0,0,0,0,0,0,0,0,0,0,0,0,0,0,0,0,0,0,0,0,0,0,0,0,0,0,0,0,0,0,0,0,0,0,0,0,0,1,0,0,0,0,0,0,0,0,0,0,0,0,0,0,0,1,0,0,0,0,0,0,0,0,0,0,0,0,0,0,0,0,0,0,0,0,0,0,0,1,0,0,0,0,0,0,0,0,0,0,0,0,0,0,1,0,0,0,0,0,0,0,0,0,0,1,0,0,0,0,0,0,0,0,0,0,0,0,0,0,0,0,0,0,0,0,0,0,0,0,0,0,0,0,0,0,0,0,0,0,0,0,0,0,0,0,0,0];
Waiting = [480,80,267,113,77,78,312,134,548,25,43,259,361,81,60,155,65,232,135,70,85,60,25,199,200,59,67,221,50,78,63,43,431,43,52,116,59,289,148,53,23,85,175,155,172,70,221,185,133,85,56,480,73,256,113,1096,116,120,247,213,95,148,24,79,65,289,53,127,120,81,65,53,394,428,63,72,127,141,78,95,78,305,80,113,50,102,45,58,199,163,56,204,23,38,51,148,79,37,74,45,65,59,31,305,39,135,39,193,31,57,487,43,120,49,164,382,548,161,78,1096,361,221,46,148,24,79,141,281,95,60,78,56,25,120,319,172,113,84,25,556,389,37,366,39,52,63,23,32,95,289,74,32,36,37,74,207,175,30,57,445,50,108,127,155,430,169,45,56,134,114,95,107,158,79,79];
Surgeon = [9,13,5,6,2,2,1,4,5,1,3,3,5,6,4,6,6,4,5,9,6,5,5,9,5,4,6,6,11,2,1,5,3,4,3,3,2,1,11,3,3,3,5,1,12,4,7,3,6,3,2,3,1,3,1,12,2,1,1,2,7,8,15,6,3,4,5,4,3,5,1,2,4,5,4,3,3,4,4,3,2,5,5,6,1,13,4,4,5,6,3,6,7,4,12,1,3,1,3,4,4,10,11,4,1,5,6,2,15,2,5,9,10,2,12,1,14,3,8,7,7,5,4,5,1,2,1,1,5,3,11,3,5,7,6,4,3,1,6,2,5,6,10,6,2,5,2,5,8,4,4,4,3,3,3,6,5,10,9,11,6,15,3,6,3,1,3,1,10,7,3,4,6,8,7];
BlockAvailability = [[[1,0],[0,0],[1,0],[0,0],[0,1],[0,0],[0,0],[0,0]],[[1,0],[0,0],[0,0],[0,0],[1,1],[0,0],[0,0],[0,0]],[[1,0],[1,0],[0,0],[0,0],[0,0],[0,1],[0,0],[0,0]],[[1,0],[0,0],[1,0],[0,0],[0,0],[0,0],[0,0],[0,0]],[[0,0],[0,0],[0,0],[1,1],[1,0],[1,1],[0,0],[0,1]],[[0,0],[0,0],[0,0],[0,0],[1,1],[0,0],[0,0],[0,0]]];
SurgeonAvailability = [[[1,1],[0,1],[0,1],[1,1],[1,1],[1,0]],[[1,1],[1,0],[1,1],[1,0],[1,1],[1,1]],[[0,1],[0,1],[0,1],[0,1],[1,1],[1,0]],[[1,0],[1,0],[1,1],[0,1],[1,1],[0,1]]];
