int NumberPatients = 193
int NumberOfRooms = 6
int NumberSurgeons = 6
int NumberOfDays = 6
Duration = [97,101,97,103,98,98,32,216,47,64,101,98,66,107,47,119,66,66,32,103,238,32,47,32,130,50,105,103,40,78,119,130,159,131,32,217,47,101,31,41,100,140,32,98,119,64,157,103,75,44,60,105,60,53,72,31,66,103,32,42,47,30,205,131,53,119,166,68,98,32,59,103,32,210,32,145,103,46,32,238,105,60,72,93,30,227,60,47,98,119,159,157,130,72,50,98,50,47,41,47,46,227,100,47,119,93,72,47,103,238,53,66,101,46,32,58,32,64,201,210,105,96,85,68,47,30,66,53,50,53,131,53,50,256,198,72,101,32,119,238,93,97,85,66,198,217,145,119,32,47,131,145,101,47,32,98,68,66,47,234,32,98,98,79,66,119,260,47,119,41,140,32,103,98,47,66,103,119,32,132,66,47,47,210,105,32,78,98,50,114,78,105,32];
Priority = [0,0,0,1,0,0,0,0,0,0,0,0,0,0,0,0,0,0,0,0,0,0,0,0,0,0,0,0,0,0,0,0,0,0,0,0,0,0,0,0,0,0,0,0,0,0,0,0,0,0,1,0,0,0,0,0,0,0,0,0,0,0,0,0,0,0,0,0,0,0,0,0,0,0,0,0,0,0,0,0,0,0,0,0,0,0,0,0,0,0,0,0,1,0,0,0,0,0,0,0,0,0,0,0,0,0,0,0,0,0,0,0,0,0,0,0,0,0,0,1,0,0,1,0,0,0,0,0,0,0,1,0,0,0,0,0,0,0,0,0,0,0,0,0,0,0,0,0,0,0,0,0,0,0,1,0,0,1,0,1,0,0,0,0,0,0,0,0,0,0,0,0,0,0,0,0,0,0,0,0,0,0,0,0,0,0,0,0,0,0,0,0,0];
Waiting = [80,135,284,35,63,67,120,155,116,45,39,60,24,183,221,134,259,169,270,107,85,151,86,150,59,56,165,78,43,31,56,44,73,144,113,43,70,121,387,247,312,67,72,60,24,191,487,120,56,36,114,107,58,79,144,281,71,21,52,25,116,214,324,21,424,134,456,158,36,24,63,79,281,25,74,430,50,289,172,38,116,51,46,35,80,190,24,56,95,72,283,116,52,45,155,37,1065,198,59,107,95,85,51,155,148,144,45,116,277,163,135,65,120,78,39,81,283,101,39,59,35,316,199,148,66,37,128,32,45,171,113,389,87,24,169,274,101,185,50,60,52,60,548,45,338,284,155,36,36,38,297,534,65,50,218,172,70,120,23,228,84,24,155,213,148,310,39,102,155,169,487,494,121,499,52,36,60,25,556,122,198,45,116,53,49,184,135,183,49,79,67,259,480];
Surgeon = [6,1,6,5,6,11,9,3,3,7,8,5,2,5,6,2,1,7,5,1,5,4,5,3,5,6,5,7,2,4,6,4,6,2,5,5,6,2,5,2,5,5,3,6,6,9,2,4,1,6,2,5,8,5,1,8,3,3,3,6,5,5,6,1,4,9,9,5,10,4,2,6,3,8,5,3,6,6,5,7,6,13,6,7,1,7,3,3,2,5,3,2,3,7,9,16,6,1,2,2,11,8,3,1,3,3,5,1,10,6,1,17,5,2,4,3,2,6,3,3,13,3,1,7,2,6,4,8,3,6,14,5,4,4,1,3,5,1,11,1,2,1,5,6,4,2,13,9,6,9,6,7,10,3,1,3,10,2,11,6,1,3,4,4,2,3,2,6,2,3,1,3,8,4,4,1,8,4,2,4,6,6,4,5,1,11,2,10,6,3,3,4,2];
BlockAvailability = [[[0,1],[0,0],[1,0],[1,0],[0,0],[0,1]],[[0,0],[0,1],[1,1],[1,0],[0,0],[0,0]],[[0,1],[0,1],[0,0],[0,1],[0,1],[0,0]],[[0,0],[0,0],[0,0],[0,0],[1,0],[0,1]],[[0,1],[0,0],[1,0],[0,0],[1,0],[1,0]],[[0,0],[1,1],[0,0],[0,1],[1,0],[0,0]]];
SurgeonAvailability = [[[1,1],[0,1],[1,1],[1,1],[0,0],[1,1]],[[0,1],[0,1],[0,1],[1,1],[1,1],[1,0]],[[1,1],[1,1],[1,1],[1,1],[1,1],[1,1]],[[1,1],[1,1],[0,1],[1,1],[1,1],[0,1]],[[1,0],[0,1],[1,1],[0,1],[0,0],[1,1]],[[0,1],[1,1],[1,1],[1,1],[1,1],[1,1]]];
